4294967294,985
317,7
317,6
316,7
312,6
312,5
313,6
4294967279,424
313,5
310,6
310,5
317,5
317,4
317,3
317,2
317,1
317,0
4294967278,216
4294967279,423
316,6
316,5
316,4
316,3
316,2
316,1
316,0
4294967278,318
4294967279,422
315,5
315,4
315,3
315,2
315,1
315,0
314,4
314,3
314,2
314,1
314,0
313,4
313,3
313,2
313,1
313,0
4294967279,421
312,4
312,3
312,2
312,1
312,0
311,4
311,3
311,2
311,1
311,0
310,4
310,3
310,2
310,1
310,0
4294967279,420
4294967278,439
308,8
4294967278,438
4294967278,437
309,6
4294967279,419
308,7
4294967278,436
304,5
305,5
301,5
4294967279,418
309,5
309,4
309,3
309,2
309,1
309,0
4294967278,334
308,6
308,5
308,4
308,3
308,2
308,1
308,0
4294967294,132
307,5
307,4
307,3
307,2
307,1
307,0
306,4
306,3
306,2
306,1
306,0
305,4
305,3
305,2
305,1
305,0
4294967294,404
304,4
304,3
304,2
304,1
304,0
303,4
303,3
303,2
303,1
303,0
302,4
302,3
302,2
302,1
302,0
301,4
301,3
301,2
301,1
301,0
4294967279,417
4294967278,435
4294967278,292
300,5
300,4
300,3
300,2
300,1
300,0
4294967278,285
299,7
299,6
299,5
299,4
299,3
299,2
299,1
299,0
298,7
298,6
298,5
298,4
298,3
298,2
298,1
298,0
297,4
297,3
297,2
297,1
297,0
296,4
296,3
296,2
296,1
296,0
295,4
295,3
295,2
295,1
295,0
294,4
294,3
294,2
294,1
294,0
293,4
293,3
293,2
293,1
293,0
4294967278,434
4294967278,433
4294967278,432
4294967279,416
4294967278,431
4294967279,415
4294967293,131
4294967293,130
4294967293,129
4294967293,128
4294967293,127
4294967293,126
4294967293,125
4294967293,124
4294967293,123
4294967293,122
4294967293,121
4294967293,120
4294967293,119
4294967293,118
4294967293,117
4294967293,116
4294967293,115
4294967293,114
4294967293,113
4294967293,112
4294967293,111
4294967293,110
4294967293,109
4294967293,108
4294967293,107
4294967293,106
4294967293,105
4294967293,104
4294967293,103
4294967293,102
4294967293,101
4294967293,100
4294967293,99
4294967293,98
4294967293,97
4294967293,96
4294967293,95
4294967293,94
4294967293,93
4294967293,92
4294967293,91
4294967293,90
4294967293,89
4294967293,88
4294967293,87
4294967293,86
4294967293,85
4294967293,84
4294967293,83
4294967293,82
4294967293,81
4294967293,80
4294967293,79
4294967293,78
4294967293,77
4294967293,76
4294967293,75
4294967293,74
4294967293,73
4294967293,72
4294967293,71
4294967293,70
4294967293,69
4294967293,68
4294967293,67
4294967293,66
4294967293,65
4294967293,64
4294967293,63
4294967293,62
4294967293,61
4294967293,60
4294967293,59
4294967293,58
4294967293,57
4294967293,56
4294967293,55
4294967293,54
4294967293,53
4294967293,52
4294967293,51
4294967293,50
4294967293,49
4294967293,48
4294967293,47
4294967293,46
4294967293,45
4294967293,44
4294967293,43
4294967293,42
4294967293,41
4294967293,40
4294967293,39
4294967293,38
4294967293,37
4294967293,36
4294967293,35
4294967293,34
4294967293,33
4294967293,32
4294967293,31
4294967293,30
4294967293,29
4294967293,28
4294967293,27
4294967293,26
4294967293,25
4294967293,24
4294967293,23
4294967293,22
4294967293,21
4294967293,20
4294967293,19
4294967293,18
4294967293,17
4294967293,16
4294967293,15
4294967293,14
4294967293,13
4294967293,12
4294967293,11
4294967293,10
4294967293,9
4294967293,8
4294967293,7
4294967293,6
4294967293,5
4294967293,4
4294967293,3
4294967293,2
4294967293,0
4294967278,397
4294967278,161
4294967278,49
4294967278,289
4294967278,160
4294967278,48
4294967278,414
4294967278,159
4294967278,47
4294967278,288
4294967278,158
4294967278,46
4294967278,274
4294967278,157
4294967278,45
4294967278,357
4294967278,156
4294967278,44
4294967278,373
4294967278,155
4294967278,43
4294967278,395
